0.292494
0.295657
0.298377
0.305658
0.285425
0.289674
0.30105
0.279532
0.304166
0.285273
0.294819
0.30264
0.301838
0.283922
0.308274
0.297172
0.270964
0.30579
0.303636
0.28292
0.297066
0.302536
0.308922
0.298467
0.287534
0.304803
0.291006
0.299386
0.299205
0.298864
0.285154
0.298179
0.294805
0.309778
0.288456
0.305916
0.28297
0.302064
0.305797
0.293483
0.309829
0.304503
0.285306
0.276074
0.285657
0.296701
0.323148
0.296439
0.290249
0.305372
0.304018
0.304233
0.287076
0.311267
0.303579
0.305287
0.295877
0.30078
0.3039
0.300009
0.305533
0.310775
0.299037
0.294097
0.29471
0.305136
0.274209
0.28978
0.307625
0.288186
0.294324
0.289809
0.294585
0.300065
0.278196
0.311743
0.308876
0.293156
0.291413
0.299459
0.308551
0.300072
0.308554
0.294277
0.288038
0.297198
0.284974
0.293866
0.293869
0.302371
0.29518
0.307715
0.295241
0.300543
0.28041
0.293525
0.296915
0.291409
0.294085
0.29596
