0.449643
0.45172
0.443864
0.443946
0.444772
0.444722
0.443994
0.44143
0.443516
0.445099
0.447526
0.441294
0.440954
0.443964
0.450194
0.447757
0.446518
0.44339
0.445666
0.443122
0.441128
0.443906
0.447974
0.441694
0.445
0.444944
0.446484
0.445236
0.450037
0.44472
0.444812
0.44696
0.445706
0.443665
0.442475
0.445706
0.452007
0.446291
0.447562
0.446448
0.445209
0.445197
0.445449
0.444469
0.444873
0.443149
0.44076
0.449815
0.447703
0.445566
0.445571
0.445151
0.441116
0.436856
0.444615
0.447632
0.446816
0.44063
0.447605
0.442377
0.446266
0.45478
0.444535
0.436176
0.445749
0.443824
0.449181
0.452241
0.442849
0.4489
0.444292
0.442266
0.443526
0.448325
0.442497
0.442923
0.453859
0.444861
0.445602
0.444681
0.444962
0.442218
0.446254
0.444034
0.444986
0.447105
0.44558
0.444547
0.439038
0.439427
0.448618
0.449272
0.444245
0.44657
0.446079
0.446641
0.449767
0.443286
0.447534
0.436933
